[Explicit]
Name=4 Leaf Rose
PlotEquation=c1*exp(-c2*abs(sqrt(x*x+y*y) -c3*sin(c4*atan2(y,x))))
C1=2
C2=.05
C3=7
C4=4
C5=1
C6=1
C7=1
C8=8
ZRotate=60.000000
XYTilt=60.000000
LineColor=0
BackColor=16777215
ShowColor=1
RemoveHidden=1
PlotScale=100.000000
ShowAxis=0
XMin=-8.000000
XMax=8.000000
YMin=-8.000000
YMax=8.000000
ZMin=0.000000
ZMax=2.000000
nXLines=50
nYLines=50
ShowX=1
ShowY=0

RPlotEquation=(sin(z*c8)+1)*50
GPlotEquation=(cos(z*c8)+1)*50
BPlotEquation=0
LimitZ=0
nXMesh=100
nYMesh=100
