[Explicit]
Name=Concentric Rings
PlotEquation=max(-c1,min(c1,tan(hypot(x,y))))
C1=1
C2=1
C3=1
C4=1
C5=1
C6=1
C7=1
C8=2.3
ZRotate=60.000000
XYTilt=60.000000
LineColor=0
BackColor=16777215
ShowColor=1
RemoveHidden=1
PlotScale=80.000000
ShowAxis=0
XMin=-8.000000
XMax=8.000000
YMin=-8.000000
YMax=8.000000
ZMin=-2.000000
ZMax=2.000000
nXLines=50
nYLines=50
ShowX=1
ShowY=0

RPlotEquation=(sin(z*c8)+1)*50
GPlotEquation=(cos(z*c8)+1)*50
BPlotEquation=0
LimitZ=0
nXMesh=100
nYMesh=100
