[Implicit]
Name=Cone
C1=1
C2=1
C3=1.
C4=1
C5=1
C6=1
C7=1
C8=1
PlotEquation=(x/c1)^2+(y/c2)^2-(z/c3)^2
RedEquation=(cos(4*x)+1)*50
GreenEquation=(sin(3*x)+1)*50
BlueEquation=0
ZRotate=20.000000
XYTilt=70.000000
PlotScale=90.000000
LineColor=0
BackColor=13160660
ShowColor=1
RemoveHidden=1
ShowAxis=0
XMin=-2.300000
XMax=2.300000
YMin=-2.300000
YMax=2.300000
ZMin=-2.000000
ZMax=2.000000
DrawXLines=0
DrawYLines=0
DrawZLines=1
nXMesh=80
nYMesh=80
nZMesh=80
nXPlanes=50
nYPlanes=50
nZPlanes=50
