[Explicit]
Name=Crater
XMin=-10.000000
XMax=10.000000
YMin=-10.000000
YMax=10.000000
ZMin=-2.000000
ZMax=2.000000
XYTilt=60.000000
ZRotate=70.000000
PlotScale=70.000000
C1=3
C2=1
C3=8
C4=1
C5=1
C6=1
C7=1
C8=1
nXLines=50
nYLines=50
ShowX=1
ShowY=0
ShowAxis=0
ShowColor=1
RemoveHidden=1
PlotEquation=c1*exp(-c2*abs(sqrt(x*x+y*y) - c3))
LineColor=0
BackColor=16777215

RPlotEquation=(sin(z*c8)+1)*50
GPlotEquation=(cos(z*c8)+1)*50
BPlotEquation=0
LimitZ=0
nXMesh=100
nYMesh=100
