[Explicit]
Name=Magnetic Dipole
PlotEquation=c2*ln(((c3-y)^2+x^2)/((c3+y)^2+x^2))
RPlotEquation=(sin(16*z)+1)*50
GPlotEquation=(sin(16*z)+1)*50
BPlotEquation=(cos(16*z)+1)*50
C1=4
C2=.9
C3=1
C4=10
C5=1
C6=1
C7=1
C8=1
ZRotate=250.000000
XYTilt=60.000000
LineColor=0
BackColor=16777215
ShowColor=1
RemoveHidden=1
PlotScale=100.000000
ShowAxis=0
XMin=-5.000000
XMax=5.000000
YMin=-5.000000
YMax=5.000000
ZMin=-4.000000
ZMax=4.000000
nXLines=50
nYLines=50
ShowX=0
ShowY=0
LimitZ=1
nXMesh=200
nYMesh=200
