[Explicit]
Name=Monkey Saddle
PlotEquation=(x^3 - 3* x*y^2)*0.5 
RPlotEquation=(y+1)*50
GPlotEquation=(x+1)*50
BPlotEquation=0
C1=1
C2=1
C3=1
C4=1
C5=1
C6=1
C7=1
C8=1
ZRotate=35.000000
XYTilt=60.000000
PlotScale=100.000000
LineColor=0
BackColor=13160660
ShowColor=1
ShowAxis=0
XMin=-1.100000
XMax=1.100000
YMin=-1.100000
YMax=1.100000
ZMin=-10.000000
ZMax=10.000000
NXLines=30
NYLines=30
ShowX=1
ShowY=1
LimitZ=0
nXMesh=100
nYMesh=100
