[Explicit]
Name=Parabola
PlotEquation=x^2+y^2
RPlotEquation=(sin(5*atan2(y,x))+1)*50
GPlotEquation=(sin(3*atan2(y,x))+1)*50
BPlotEquation=0
C1=1
C2=1
C3=1
C4=1
C5=1
C6=1
C7=1
C8=1
ZRotate=50.000000
XYTilt=60.000000
PlotScale=90.000000
LineColor=0
BackColor=13160660
ShowColor=1
RemoveHidden=1
ShowAxis=1
XMin=-1.500000
XMax=1.500000
YMin=-1.500000
YMax=1.500000
ZMin=-3.000000
ZMax=3.000000
NXLines=50
NYLines=50
ShowX=1
ShowY=1
LimitZ=0
nXMesh=100
nYMesh=100
