[Explicit]
Name=Saddle
PlotEquation=x^4 - y^4
RPlotEquation=(y+1)*50
GPlotEquation=(x+1)*50
BPlotEquation=0
C1=1
C2=1
C3=1
C4=1
C5=1
C6=1
C7=1
C8=1
ZRotate=50.000000
XYTilt=60.000000
PlotScale=90.000000
LineColor=0
BackColor=13160660
ShowColor=1
ShowAxis=0
XMin=-1.000000
XMax=1.000000
YMin=-1.000000
YMax=1.000000
ZMin=-1.000000
ZMax=1.000000
NXLines=30
NYLines=30
ShowX=1
ShowY=1
LimitZ=0
