[Explicit]
Name=SineWave
XMin=-10.000000
XMax=10.000000
YMin=-10.000000
YMax=10.000000
ZMin=-2.000000
ZMax=2.000000
XYTilt=60.000000
ZRotate=70.000000
PlotScale=95.000000
C1=2
C2=4
C3=1
C4=1
C5=1
C6=1
C7=1
C8=1
nXLines=64
nYLines=64
ShowX=1
ShowY=0
ShowAxis=0
ShowColor=1
RemoveHidden=1
PlotEquation=c1*sin(x*y/c2)
LineColor=0
BackColor=16777215
RPlotEquation=(sin(x+y)+1)*50
GPlotEquation=(cos(x+y)+1)*50
BPlotEquation=0
LimitZ=0
nXMesh=80
nYMesh=80
