[Explicit]
Name=Spiral
PlotEquation=c1*exp(-c2*abs(sin(sqrt(x*x+y*y) -c3*atan2(y,x))))
C1=10
C2=.05
C3=1
C4=1
C5=1
C6=1
C7=1
C8=5
ZRotate=60.000000
XYTilt=60.000000
LineColor=0
BackColor=16777215
ShowColor=1
RemoveHidden=1
PlotScale=100.000000
ShowAxis=0
XMin=-20.000000
XMax=20.000000
YMin=-20.000000
YMax=20.000000
ZMin=-20.000000
ZMax=20.000000
nXLines=100
nYLines=100
ShowX=0
ShowY=0

RPlotEquation=(sin(z*c8)+1)*50
GPlotEquation=(cos(z*c8)+1)*50
BPlotEquation=0
LimitZ=0
nXMesh=100
nYMesh=100
